MJD_start[days]  MJD_stop[days]
   56757.39098379   56757.39800925
   56757.39864583   56757.73199074
   56757.74226851   56757.75232638
   56757.77100694   56757.78769675
   56757.79021990   56757.79724537
   56757.79787037   56758.13121527
   56758.13185185   56758.46519675
   56783.58172453   56783.91506944
   56783.91575231   56784.24908564
   56784.25313657   56784.58646990
   56784.58717592   56784.92052083
   56784.92125000   56785.25459490
   56785.25528935   56785.58862268
   56785.58932870   56785.92266203
   56785.92337962   56786.25673611
   56786.25744212   56786.59078703
   56786.59149305   56786.92483699
   56786.92554398   56787.25888888
   56787.25958333   56787.59291666
   56787.59365740   56787.92700231
   56787.92771990   56788.26105324
   56788.26175925   56788.59511574
   56788.59577546   56788.92910879
   56788.92984953   56789.26318287
   56789.26391203   56789.59725694
   56789.60130787   56789.93466435
   56789.93537037   56790.26871527
   56790.26943287   56790.60276620
   56790.60349537   56790.70314814
   56790.70651620   56791.03984953
   56791.04049768   56791.37384259
   56791.37452546   56791.70785879
   56791.70853009   56791.95078703
   56791.96418981   56792.07218750
   56792.07395833   56792.40729166
   56792.40791666   56792.74125000
   56792.74530092   56793.07865740
   56793.07934027   56793.41268518
   56793.41337962   56793.74671296
   56793.74740740   56794.08075231
   56794.08145833   56794.29739583
   56794.30546296   56794.50593749
   56794.50706018   56794.84040509
   56794.84106481   56795.12687500
   56795.12805555   56795.18521990
   56795.18658564   56795.24234953
   56795.24366898   56795.25105324
   56795.25168981   56795.58503472
   56795.58569444   56795.91902777
   56795.91971064   56796.25305555
   56796.25374999   56796.58709490
   56796.58776620   56796.92111111
   56796.92179398   56797.25513888
   56797.25586805   56797.58920138
   56797.58988425   56797.92321759
   56797.92390046   56798.25723379
   56798.25790509   56798.59123842
   56798.59192129   56798.92525462
   56798.92592592   56799.25925925
   56799.26003472   56799.39613425
   56799.39680555   56799.73013888
   56799.73254629   56800.06589120
   56800.06657407   56800.39990740
   56800.40063657   56800.73396990
   56800.73465277   56801.06798611
   56801.06868055   56801.40202546
   56801.40270833   56801.73605324
   56801.73677083   56802.07011574
   56802.07078703   56802.40413194
   56802.40481481   56802.73814814
   56802.73884259   56803.07218750
   56803.07623842   56803.08328703
   56803.08789351   56803.42122685
   56803.42530092   56803.75864583
   56803.75931712   56804.09265046
   56804.09335648   56804.42672453
   56804.42743055   56804.53962962
   56804.54281249   56804.62378472
   56804.62690972   56804.84743055
   56804.84967592   56804.85726851
   56804.86626157   56804.87326388
   56804.87456018   56804.93923611
   56804.94160879   56804.95127314
   56804.95305555   56804.96013888
   56804.96156249   56805.29489583
   56805.29586805   56805.62921296
   56805.62990740   56805.96324074
   56805.96391203   56806.29724537
   56806.29799768   56806.63133101
   56806.63202546   56806.96535879
   56806.96606481   56807.29940972
   56807.30015046   56807.63349537
   56807.63417824   56807.86618055
   56807.87314814   56808.20648148
   56808.21055555   56808.26627314
   56808.26695601   56808.60028935
   56808.60099537   56808.93432870
   56808.93504629   56809.26837962
   56809.26909722   56809.60243055
   56809.60318287   56809.93652777
   56809.95075231   56810.28408564
   56810.28503472   56810.61836805
   56810.61905092   56810.95239583
   56810.95307870   56811.28641203
   56811.28711805   56811.62045138
   56811.62115740   56811.87291666
   56811.87504629   56812.20839120
   56812.20909722   56812.54243055
   56812.54313657   56812.87646990
   56812.87717592   56813.00616898
   56813.00839120   56813.06410879
   56813.06482638   56813.39815972
   56813.39890046   56813.73223379
   56813.73292824   56814.06626157
   56814.06697916   56814.40031250
   56814.40100694   56814.73435185
   56814.73504629   56815.06837962
   56815.06906249   56815.40240740
   56815.40320601   56815.73653935
   56815.73724537   56816.07059027
   56816.07127314   56816.28028935
   56816.28150462   56816.29173611
   56816.29284722   56816.62618055
   56816.62684027   56816.96018518
   56816.96424768   56816.97141203
   56816.97203703   56817.30538194
   56817.30607638   56817.63940972
   56817.64009259   56817.97342592
   56817.97409722   56818.30744212
   56818.30811342   56818.64145833
   56818.72413194   56819.05746527
   56819.05817129   56819.39151620
   56819.39222222   56819.72555555
   56819.72624999   56819.83824074
   56819.85152777   56819.90030092
   56819.90156249   56820.23489583
   56820.23562500   56820.56896990
   56820.56964120   56820.90298611
   56820.90365740   56821.23699074
   56821.23778935   56821.57113425
   56821.57179398   56821.90513888
   56821.90577546   56822.23912037
   56822.23980324   56822.57314814
   56822.57379629   56822.90714120
   56822.90783564   56823.06462962
   56823.06576388   56823.12314814
   56823.12422453   56823.18031249
   56823.18141203   56823.51475694
   56823.51539351   56823.84872685
   56823.84937499   56824.18270833
   56824.18335648   56824.51668981
   56824.51736111   56824.59686342
   56824.59895833   56824.93231481
   56824.93299768   56824.98043981
   56824.98216435   56825.31550925
   56825.31623842   56825.64958333
   56825.65028935   56825.98362268
   56825.98432870   56826.31766203
   56826.31844907   56826.65178240
   56826.65251157   56826.67574074
   56826.67688657   56826.95032407
   56826.95150462   56826.95855324
   56826.95913194   56827.29247685
   56827.29310185   56827.62643518
   56827.62701388   56827.96034722
   56827.98358796   56828.23813657
   56828.24328703   56828.25526620
   56828.26295138   56828.26993055
   56828.27079861   56828.31406249
   56828.31506944   56828.64841435
   56828.64906249   56828.98240740
   56828.98305555   56829.06307870
   56829.06501157   56829.07201388
   56829.07326388   56829.40662037
   56829.40724537   56829.74060185
   56829.74122685   56829.77689814
   56829.77886574   56830.11221064
   56830.11293981   56830.44628472
   56830.44771990   56830.78107638
   56830.78175925   56831.11511574
   56831.11571759   56831.23673611
   56831.24586805   56831.30952546
   56831.31096064   56831.64430555
   56831.64493055   56831.88511574
   56831.89677083   56831.98690972
   56831.99035879   56832.32370370
   56832.32434027   56832.65768518
   56832.65829861   56832.68314814
   56832.69372685   56832.74843750
   56832.74986111   56833.08320601
   56833.08379629   56833.09077546
   56833.09180555   56833.09878472
   56833.09990740   56833.43325231
   56833.43417824   56833.76751157
   56833.76815972   56834.10150462
   56834.10215277   56834.18188657
   56834.18258101   56834.32346064
   56834.32553240   56834.65887731
   56834.65951388   56834.99285879
   56834.99351851   56835.32685185
   56835.32759259   56835.66092592
   56835.66157407   56835.99491898
   56835.99557870   56836.32892361
   56836.32962962   56836.66297453
   56836.66359953   56836.99694444
   56836.99762731   56837.33096064
   56837.33162037   56837.66496527
   56837.66901620   56837.80490740
   56837.80555555   56838.13888888
   56838.13960648   56838.47293981
   56838.47363425   56838.80697916
   56838.80767361   56838.83509259
   56838.83633101   56839.16966435
   56839.17032407   56839.50366898
   56839.50424768   56839.83758101
   56839.83817129   56840.17151620
   56840.17211805   56840.50545138
   56840.50605324   56840.83938657
   56840.84001157   56841.17334490
   56841.17574074   56841.50907407
   56841.50967592   56841.84302083
   56841.84362268   56842.17695601
   56842.17782407   56842.18480324
   56842.18642361   56842.22812499
   56842.22951388   56842.56290509
   56842.56539351   56842.89872685
   56842.89935185   56843.23269675
   56843.23414351   56843.33548611
   56843.33800925   56843.67134259
   56843.67197916   56844.00532407
   56844.00787037   56844.34121527
   56844.34375000   56844.67709490
   56844.67777777   56845.01112268
   56845.01180555   56845.29307870
   56845.29414351   56845.30120370
   56845.30387731   56845.63722222
   56845.63789351   56845.93733796
   56845.93800925   56845.94501157
   56845.94636574   56846.27971064
   56846.28056712   56846.61390046
   56846.61449074   56846.94783564
   56846.94843749   56847.28178240
   56847.28239583   56847.61574074
   56847.61635416   56847.88814814
   56847.88964120   56848.22298611
   56848.22357638   56848.55692129
   56848.55752314   56848.89087962
   56848.89146990   56849.22481481
   56849.22592592   56849.51167824
   56849.52406249   56849.53501157
   56849.53608796   56849.86945601
   56849.87004629   56850.20341435
   56850.20400462   56850.53736111
   56850.53839120   56850.87177083
   56850.89307870   56851.14481481
   56851.14537037   56851.20733796
   56851.20797453   56851.26374999
   56851.26438657   56851.59776620
   56851.59836805   56851.93173611
   56851.93238425   56852.26575231
   56852.26637731   56852.59974537
   56852.60034722   56852.93371527
   56852.93432870   56853.26769675
   56853.26834490   56853.60172453
   56853.60234953   56853.93571759
   56853.93637731   56854.26974537
   56854.27037037   56854.60374999
   56854.60437500   56854.93775462
   56854.93855324   56855.27193287
   56855.27254629   56855.60591435
   56855.60651620   56855.93988425
   56855.94049768   56856.27386574
   56856.27450231   56856.60787037
   56856.60848379   56856.94185185
   56856.94244212   56857.27581018
   56857.27642361   56857.60980324
   56857.61041666   56857.94378472
   56857.94440972   56858.27780092
   56858.27878472   56858.61216435
   56858.61278935   56858.94615740
   56858.94677083   56859.28013888
   56859.28075231   56859.61413194
   56859.61475694   56859.94814814
   56859.94877314   56860.28216435
   56860.28275462   56860.61612268
   56860.61672453   56860.95009259
   56860.95072916   56861.28409722
   56861.28471064   56861.61807870
   56861.61869212   56861.95207175
   56861.95269675   56862.28606481
   56862.28667824   56862.62005787
   56862.62068287   56862.95405092
   56862.95466435   56863.28803240
   56863.28868055   56863.62206018
   56863.62267361   56863.95605324
   56863.95665509   56864.29002314
   56864.29065972   56864.62405092
   56864.62466435   56864.75177083
   56864.80228009   56864.84981481
   56864.85267361   56864.85981481
   56864.86042824   56865.19380787
   56865.19439814   56865.52776620
   56865.52835648   56865.86172453
   56865.86232638   56866.19569444
   56866.19627314   56866.52964120
   56866.53021990   56866.86358796
   56866.86416666   56867.19754629
   56867.19902777   56867.53239583
   56867.53297453   56867.86634259
   56867.86693287   56868.20030092
   56868.20087962   56868.53424768
   56868.53483796   56868.86821759
   56868.86880787   56869.14134259
   56869.14359953   56869.47697916
   56869.47760416   56869.81097222
   56869.81158564   56870.14495370
   56870.14556712   56870.47892361
   56870.47954861   56870.81292824
   56870.81356481   56871.14693287
   56871.14758101   56871.48096064
   56871.48159722   56871.81496527
   56871.81562499   56872.14898148
   56872.14993055   56872.48329861
   56872.48394675   56872.81731481
   56872.81797453   56873.15134259
   56873.15199074   56873.48535879
   56873.48609953   56873.81946759
   56873.82020833   56873.93156250
   56873.93920138   56873.94917824
   56873.95266203   56873.95967592
   56873.96243055   56874.08263888
   56874.08372685   56874.09105324
   56874.09290509   56874.42628472
   56874.42685185   56874.76023148
   56874.76077546   56875.09415509
   56875.09472222   56875.10174768
   56875.12628472   56875.13328703
   56875.13609953   56875.46947916
   56875.47008101   56875.80346064
   56875.80405092   56876.13741898
   56876.13798611   56876.47138888
   56876.47197916   56876.80533564
   56876.80594907   56877.13932870
   56877.13990740   56877.47328703
   56877.47387731   56877.80723379
   56877.80783564   56878.14121527
   56878.14177083   56878.47513888
   56878.47572916   56878.80923611
   56878.80982638   56879.14318287
   56879.14377314   56879.47715277
   56879.47771990   56879.81109953
   56879.81165509   56880.14503472
   56880.14561342   56880.22723379
   56880.22783564   56880.28567129
   56880.28630787   56880.34151620
   56880.35133101   56880.35834490
   56880.35978009   56880.69317129
   56880.69372685   56881.02711805
   56881.02771990   56881.36128472
   56881.36186342   56881.69524305
   56881.69579861   56882.02917824
   56882.02973379   56882.10274305
   56882.10337962   56882.15694444
   56882.15946759   56882.24399305
   56882.24486111   56882.57822916
   56882.57886574   56882.91237268
   56882.91299768   56883.24636574
   56883.24700231   56883.58037037
   56883.58098379   56883.91456018
   56883.91648148   56884.24989583
   56884.25052083   56884.26133101
   56884.26451388   56884.59796296
   56884.59849537   56884.93192129
   56884.93251157   56885.26589120
   56885.26646990   56885.59983796
   56885.60043981   56885.93381944
   56885.93440972   56886.26800925
   56886.26859953   56886.60202546
   56886.60261574   56886.93598379
   56886.93655092   56887.26996527
   56887.27057870   56887.60394675
   56887.60451388   56887.87475694
   56887.89225694   56887.93927083
   56887.94082175   56887.94973379
   56887.95266203   56888.28603009
   56888.28659722   56888.61997685
   56888.62054398   56888.95392361
   56888.95489583   56889.28827546
   56889.28883101   56889.62219907
   56889.62314814   56889.95653935
   56889.95905092   56890.29247685
   56890.29300925   56890.62652777
   56890.62707175   56890.96052083
   56890.96311342   56890.97151620
   56890.97341435   56891.30689814
   56891.30752314   56891.64097222
   56891.64158564   56891.97501157
   56891.97561342   56892.30898148
   56892.30958333   56892.64295138
   56892.64358796   56892.97699074
   56892.97760416   56893.31097222
   56893.31157407   56893.64494212
   56893.64554398   56893.97893518
   56893.97952546   56894.31289351
   56894.31349537   56894.64695601
   56894.64755787   56894.98092592
   56894.98192129   56895.31539351
   56895.31598379   56895.64935185
   56895.64998842   56895.98337962
   56895.98401620   56896.31739583
   56896.31802083   56896.65141203
   56896.65202546   56896.98539351
   56896.98599537   56897.31936342
   56897.31999999   56897.65336805
   56897.65395833   56897.98732638
   56897.98792824   56898.32131944
   56898.32190972   56898.65528935
   56898.65589120   56898.98927083
   56898.98989583   56899.32326388
   56899.32387731   56899.65724537
   56899.65784722   56899.99121527
   56899.99184027   56900.32520833
   56900.32620370   56900.65958333
   56900.66017361   56900.99355324
   56900.99418981   56901.32755787
   56901.32818287   56901.66156250
   56901.66215277   56901.99550925
   56901.99611111   56902.32947916
   56902.33012731   56902.51043981
   56902.51711805   56902.52486111
   56902.52586805   56902.59841435
   56902.59991898   56902.93328703
   56902.93385416   56903.26723379
   56903.26777777   56903.60116898
   56903.60174768   56903.78689814
   56903.78791666   56904.12127314
   56904.12184027   56904.45519675
   56904.45583333   56904.78918981
   56904.78982638   56905.12318287
   56905.12377314   56905.45714120
   56905.45777777   56905.79114583
   56905.79172453   56906.12508101
   56906.12567129   56906.45902777
   56906.45961805   56906.79296296
   56906.79354166   56907.12689814
   56907.12748842   56907.46084490
   56907.46142361   56907.79476851
   56907.79537037   56908.09675925
   56908.09736111   56908.15332175
   56908.15438657   56908.21847222
   56908.21952546   56908.55288194
   56908.55348379   56908.88684027
   56908.88968750   56909.22304398
   56909.22362268   56909.55697916
   56909.55756944   56909.66325231
   56909.66472222   56909.77784722
   56909.77853009   56910.11189814
   56910.11253472   56910.44590277
   56910.44655092   56910.77990740
   56910.78054398   56911.11391203
   56911.11453703   56911.44790509
   56911.44853009   56911.78189814
   56911.78254629   56912.11589120
   56912.11652777   56912.44988425
   56912.45052083   56912.63837962
   56912.65414351   56912.71108796
   56912.72259259   56912.72956018
   56912.73057870   56913.06393518
   56913.06456018   56913.39791666
   56913.39851851   56913.73187500
   56913.73246527   56914.06583333
   56914.06638888   56914.39974537
   56914.40038194   56914.73375000
   56914.73434027   56915.06768518
   56915.06827546   56915.40163194
   56915.40222222   56915.73557870
   56915.73616898   56916.06953703
   56916.07018518   56916.40354166
   56916.40414351   56916.73751157
   56916.73807870   56917.07143518
   56917.07203703   56917.40539351
   56917.40601851   56917.73937499
   56917.73996527   56918.07332175
   56918.07392361   56918.40728009
   56918.40785879   56918.74122685
   56918.74180555   56919.07517361
   56919.07583333   56919.40918981
   56919.40979166   56919.74314814
   56919.74374999   56920.07710648
   56920.07769675   56920.41105324
   56920.41166666   56920.74503472
   56920.74562500   56921.07898148
   56921.07958333   56921.41295138
   56921.41354166   56921.74690972
   56921.74751157   56922.08087962
   56922.08152777   56922.41489583
   56922.41546296   56922.43023148
   56922.43124999   56922.76460648
   56922.76527777   56923.09863425
   56923.09924768   56923.43260416
   56923.43322916   56923.76658564
   56923.76723379   56924.10059027
   56924.10120370   56924.43456018
   56924.43517361   56924.76854166
   56924.76917824   56925.10253472
   56925.10315972   56925.43652777
   56925.43717592   56925.77053240
   56925.77116898   56926.10453703
   56926.10516203   56926.43851851
   56926.43914351   56926.77250000
   56926.77312499   56927.10648148
   56927.10710648   56927.44047453
   56927.44109953   56927.77444444
   56927.77505787   56928.10842592
   56928.10903935   56928.44239583
   56928.44299768   56928.77635416
   56928.77699074   56929.11034722
   56929.11098379   56929.44434027
   56929.44494212   56929.77829861
   56929.77892361   56930.11228009
   56930.11289351   56930.44626157
   56930.44688657   56930.78024305
   56930.79631944   56931.12967592
   56931.13031250   56931.46366898
   56931.46431712   56931.79768518
   56931.79832175   56932.13167824
   56932.13231481   56932.46567129
   56932.46628472   56932.79964120
   56932.80024305   56933.13361111
   56933.13423611   56933.46759259
   56933.46819444   56933.74739583
   56933.75315972   56933.76049768
   56933.76187499   56933.77528935
   56933.77640046   56934.10975694
   56934.11035879   56934.44370370
   56934.44431712   56934.50158564
   56934.51532407   56934.54131944
   56934.54241898   56934.87577546
   56934.87635416   56935.20972222
   56935.21030092   56935.54366898
   56935.54424768   56935.87761574
   56935.87818287   56936.21155092
   56936.21216435   56936.54553240
   56936.54609953   56936.87945601
   56936.88004629   56937.21340277
   56937.21396990   56937.54732638
   56937.54790509   56937.88127314
   56937.88185185   56938.21520833
   56938.21586805   56938.54923611
   56938.54979166   56938.88315972
   56938.88380787   56939.18686342
   56939.18741898   56939.24319444
   56939.24422453   56939.29974537
   56939.30498842   56939.63835648
   56939.63928240   56939.97265046
   56939.97326388   56940.30662037
   56940.30725694   56940.64062500
   56940.64122685   56940.97458333
   56940.97521990   56941.30857638
   56941.30921296   56941.64258101
   56941.64320601   56941.97656250
   56941.97723379   56942.31059027
   56942.31121527   56942.62674768
   56942.63146990   56942.63880787
   56942.63947916   56942.97283564
   56942.97380787   56943.19944444
   56943.20010416   56943.53348379
   56943.53407407   56943.86744212
   56943.86843750   56944.20180555
   56944.20244212   56944.53579861
   56944.53640046   56944.72710648
   56944.73331018   56944.74046296
   56944.74196759   56944.79113425
   56944.79224537   56945.12560185
   56945.12616898   56945.45953703
   56945.46013888   56945.79349537
   56945.79414351   56946.12750000
   56946.12806712   56946.46143518
   56946.46203703   56946.79540509
   56946.79598379   56946.87221064
   56946.87395833   56946.89478009
   56946.89606481   56946.91692129
   56946.91784722   56947.25121527
   56947.25179398   56947.58516203
   56947.58578703   56947.91915509
   56947.91974537   56948.25310185
   56948.25374999   56948.58711805
   56948.58775462   56948.92111111
   56948.92214120   56949.25550925
   56949.25607638   56949.58943287
   56949.59003472   56949.92340277
   56949.92403935   56950.25739583
   56950.25798611   56950.59133101
   56950.59190972   56950.92526620
   56950.92585648   56951.25922453
   56951.25986111   56951.59321759
   56951.59380787   56951.92717592
   56951.92776620   56952.26113425
   56952.26172453   56952.59509259
   56952.59575231   56952.92910879
   56952.92969907   56953.26305555
   56953.26370370   56953.59707175
   56953.59765046   56953.93100694
   56953.93159722   56954.26495370
   56954.26554398   56954.59891203
   56954.59950231   56954.93287037
   56954.93344907   56955.26681712
   56955.26741898   56955.60078703
   56955.60138888   56955.93474537
   56955.93533564   56956.26870370
   56956.26927083   56956.60263888
   56956.60322916   56956.93660879
   56956.93717592   56957.27054398
   56957.27119212   56957.28354166
   56957.28459490   56957.61795138
   56957.61861111   56957.75835648
   56957.75984953   56958.09320601
   56958.09384259   56958.42719907
   56958.42781249   56958.76116898
   56958.76180555   56959.09517361
   56959.09579861   56959.42915509
   56959.42976851   56959.76313657
   56959.76377314   56960.09714120
   56960.09776620   56960.43112268
   56960.43175925   56960.76512731
   56960.76576388   56960.80138888
   56960.80412037   56960.84597222
   56960.84702546   56961.18039351
   56961.18097222   56961.51432870
   56961.51491898   56961.63262731
   56961.63409722   56961.84074074
   56961.84153935   56962.17489583
   56962.17552083   56962.50888888
   56962.50951388   56962.84288194
   56962.84350694   56963.17686342
   56963.17749999   56963.35762731
   56963.36326388   56963.40613425
   56963.40712962   56963.74049768
   56963.74106481   56964.07444444
   56964.07508101   56964.40844907
   56964.40913194   56964.74248842
   56964.74318287   56964.94937499
   56964.95153935   56964.95855324
   56964.95959490   56965.11437499
   56965.11530092   56965.44866898
   56965.44925925   56965.66192129
   56965.66357638   56965.99693287
   56965.99754629   56966.33090277
   56966.33149305   56966.66484953
   56966.66546296   56966.99881944
   56966.99946759   56967.33283564
   56967.33343750   56967.66679398
   56967.66737268   56968.00074074
   56968.00133101   56968.33468749
   56968.33535879   56968.66871527
   56968.66932870   56969.00268518
   56969.00327546   56969.06582175
   56969.06650462   56969.13189814
   56969.13334490   56969.18921296
   56969.19028935   56969.52365740
   56969.52424768   56969.85759259
   56969.85819444   56969.95803240
   56969.99631944   56970.00567129
   56970.01671296   56970.06859953
   56970.06968750   56970.40305555
   56970.40388888   56970.73724537
   56970.73806712   56971.07143518
   56971.07221064   56971.40556712
   56971.40635416   56971.73971064
   56971.74048611   56972.07385416
   56972.07482638   56972.13993055
   56972.50638888   56972.83975694
   56972.84039351   56973.17376157
   56973.17434027   56973.50769675
   56973.50828703   56973.84165509
   56973.84232638   56974.17568287
   56974.17634259   56974.50971064
   56974.51038194   56974.84375000
   56974.84434027   56975.17769675
   56975.17828703   56975.51164351
   56975.51223379   56975.84560185
   56975.84626157   56976.00228009
   56976.00644675   56976.01991898
   56976.02093750   56976.04189814
   56976.04302083   56976.06385416
   56976.06491898   56976.08589120
   56976.08695601   56976.42031250
   56976.42096064   56976.75432870
   56976.75490740   56977.08826388
   56977.08886574   56977.42223379
   56977.42289351   56977.75626157
   56977.75686342   56978.09021990
   56978.09086805   56978.42422453
   56978.42488425   56978.75824074
   56978.75884259   56979.09219907
   56979.09280092   56979.12659722
   56979.12804398   56979.13586805
   56979.13658564   56979.46994212
   56979.47056712   56979.80393518
   56979.80457175   56980.09748842
   56980.09817129   56980.43152777
   56980.43217592   56980.76553240
   56980.76616898   56981.09952546
   56981.10017361   56981.12866898
   56981.12931712   56981.18850694
   56981.19138888   56981.52474537
   56981.52537037   56981.67528935
   56981.67679398   56981.79454861
   56981.79521990   56982.12858796
   56982.12922453   56982.46258101
   56982.46319444   56982.79655092
   56982.79718750   56983.11076388
   56983.11230324   56983.12074074
   56983.12189814   56983.19129629
   56983.19208333   56983.52543981
   56983.52607638   56983.85943287
   56983.86045138   56984.12604166
   56984.12726851   56984.31240740
   56984.31408564   56984.64712962
   56984.64819444   56984.98156249
   56985.02769675   56985.36106481
   56985.36954861   56985.70289351
   56985.70349537   56986.03684027
   56986.03744212   56986.04475694
   56986.04541666   56986.09842592
   56986.09940972   56986.43277777
   56986.43339120   56986.76674768
   56986.76736111   56987.04409722
   56987.04553240   56987.08406249
   56987.09278935   56987.10124999
   56987.10234953   56987.11189814
   56987.11248842   56987.12065972
   56987.12170138   56987.20861111
   56987.20978009   56987.54314814
   56987.54454861   56987.81079861
   56987.82422453   56987.84215277
   56987.84292824   56987.86888888
   56987.86998842   56987.91564814
   56987.91652777   56987.95788194
   56987.95899305   56987.98799768
   56987.98901620   56988.07413194
   56988.07467592   56988.11200231
   56988.11354166   56988.12070601
   56988.12171296   56988.15644675
   56988.15763888   56988.49099537
   56988.49193287   56988.80027777
   56988.80142361   56988.90869212
   56988.90930555   56988.94290509
   56988.94402777   56988.97612268
   56988.97708333   56989.31043981
   56989.31103009   56989.64438657
   56989.64494212   56989.97829861
   56989.97887731   56990.31224537
   56990.31280092   56990.64614583
   56990.64673611   56990.78118055
   56990.78347222   56990.94396990
   56990.96152777   56990.96944444
   56990.97447916   56991.30783564
   56991.30840277   56991.64177083
   56991.64236111   56991.93387731
   56991.93525462   56992.26853009
   56992.26943287   56992.60280092
   56992.60337962   56992.93673611
   56992.93732638   56993.15842592
   56993.15951388   56993.16760416
   56993.16869212   56993.50204861
   56993.50263888   56993.83276620
   56993.83400462   56994.16737268
   56994.16795138   56994.50130787
   56994.50189814   56994.83525462
   56994.83585648   56995.16920138
   56995.16980324   56995.50315972
   56995.50373842   56995.83710648
   56995.83768518   56996.06282407
   56996.06391203   56996.28401620
   56996.28503472   56996.61839120
   56996.61899305   56996.95236111
   56996.95297453   56997.28634259
   56997.28699074   56997.62034722
   56997.62099537   56997.80105324
   56997.80704861   56997.81655092
   56997.81787037   56997.82675925
   56997.82784722   56998.16121527
   56998.16180555   56998.49516203
   56998.49575231   56998.58047453
   56998.58148148   56998.91484953
   56998.91546296   56999.24881944
   56999.24943287   56999.58280092
   56999.58343750   56999.85534722
   56999.94101851   56999.96407407
   56999.97649305   57000.30984953
   57000.31041666   57000.64378472
   57000.64440972   57000.97778935
   57000.97836805   57001.31173611
   57001.31238425   57001.64565972
   57001.64715277   57001.68737268
   57001.68952546   57001.73251157
   57001.73473379   57001.77636574
   57001.77861111   57001.81953703
   57001.82160879   57001.86298611
   57001.86708333   57002.02371527
   57002.02445601   57002.03425925
   57002.03546296   57002.36881944
   57002.36940972   57002.70278935
   57002.70337962   57002.79506944
   57002.79663194   57002.84206018
   57002.84273148   57002.95559027
   57002.95644675   57003.01553240
   57003.01699074   57003.10821759
   57003.10923611   57003.44260416
   57003.44319444   57003.77656249
   57003.77715277   57003.94503472
   57003.94604166   57004.00387731
   57004.00502314   57004.06086805
   57004.06369212   57004.39704861
   57004.39806712   57004.73143518
   57004.73208333   57004.75136574
   57004.75283564   57004.78027777
   57004.78099537   57005.11436342
   57005.11498842   57005.44835648
   57005.44899305   57005.78234953
   57005.78298611   57006.11635416
   57006.11699074   57006.45034722
   57006.45098379   57006.78435185
   57006.78497685   57007.11822916
   57007.11892361   57007.45229166
   57007.45290509   57007.78627314
   57007.78692129   57008.05650462
   57008.06100694   57008.39437499
   57008.39500000   57008.72835648
   57008.72893518   57008.77490740
   57008.77603009   57008.82466435
   57008.82564814   57009.15901620
   57009.15961805   57009.49299768
   57009.49361111   57009.50172453
   57009.50905092   57009.84240740
   57009.84300925   57010.17637731
   57010.17702546   57010.51039351
   57010.51100694   57010.84436342
   57010.84501157   57011.02174768
   57011.02312499   57011.35650462
   57011.35718749   57011.69055555
   57011.69123842   57012.02460648
   57012.02532407   57012.35869212
   57012.35928240   57012.69265046
   57012.69327546   57013.02664351
   57013.02723379   57013.36060185
   57013.36123842   57013.69459490
   57013.69523148   57014.02858796
   57014.02921296   57014.36256944
   57014.36321759   57014.69658564
   57014.69721064   57015.03056712
   57015.03120370   57015.36457175
   57015.36520833   57015.69857638
   57015.69923611   57016.03259259
   57016.03321759   57016.36658564
   57016.36724537   57016.70062500
   57016.70126157   57017.03461805
   57017.03525462   57017.36861111
   57017.36924768   57017.70261574
   57017.70327546   57018.03665509
   57018.03730324   57018.37065972
   57018.37130787   57018.70466435
   57018.70532407   57019.03868055
   57019.03935185   57019.37273148
   57019.37376157   57019.70711805
   57019.70771990   57020.04108796
   57020.04168981   57020.37504629
   57020.37567129   57020.70903935
   57020.71207175   57020.93908564
   57020.93972222   57021.27309027
   57021.27372685   57021.60709490
   57021.60773148   57021.94109953
   57021.94177083   57022.27513888
   57022.27582175   57022.60918981
   57022.60986111   57022.94321759
   57022.94388888   57023.06168981
   57023.06237268   57023.39613425
   57023.39680555   57023.73017361
   57023.73081018   57024.06417824
   57024.06483796   57024.39820601
   57024.39885416   57024.73222222
   57024.73283564   57025.06619212
   57025.06680555   57025.40017361
   57025.40258101   57025.73594907
   57025.73662037   57026.06998842
   57026.07061342   57026.40398148
   57026.40460648   57026.73796296
   57026.73858796   57027.07195601
   57027.07256944   57027.26664351
   57027.28246527   57027.32195601
   57027.32414351   57027.35446759
   57027.35613425   57027.39509259
   57027.40055555   57027.43954861
   57027.44608796   57027.48687500
   57027.48901620   57027.52832175
   57027.53039351   57027.58628472
   57027.58722222   57027.92059027
   57027.92121527   57028.08390046
   57028.08765046   57028.11491898
   57028.11597222   57028.44932870
   57028.44993055   57028.62891203
   57028.65327546   57028.75906250
   57028.75990740   57028.81366898
   57028.81451388   57028.95398148
   57028.95537037   57028.96560185
   57028.96662037   57029.15287037
   57029.15445601   57029.21302083
   57029.21447916   57029.27000000
   57029.27111111   57029.60447916
   57029.60547453   57029.93869212
   57029.93938045   57030.00663165
   57030.00813885   57030.34134659
   57030.34259240   57030.64506382
   57030.64624999   57030.70834490
   57030.70945601   57030.73116898
   57030.73174768   57030.99379629
   57030.99493055   57031.32817129
   57031.32927083   57031.66263888
   57031.68480324   57031.72322916
   57031.72550925   57031.74293981
   57031.74593749   57031.82704861
   57031.82880787   57031.83912037
   57031.84229166   57031.85277777
   57031.85409722   57031.86461805
   57031.86575231   57032.19910879
   57032.19974537   57032.53310185
   57032.53372685   57032.86202546
   57032.86325231   57033.19645833
   57033.19753472   57033.53090277
   57033.53146990   57033.86483796
   57033.86543981   57034.18322916
   57034.18435185   57034.51766203
   57034.52153935   57034.85152777
   57034.85285879   57034.86775462
   57034.86900462   57035.03002314
   57035.15688657   57035.18067129
   57035.18181712   57035.30059027
   57036.10896990   57036.44218749
   57036.44499999   57036.77829861
   57036.77894675   57037.11228009
   57037.11291666   57037.44620370
   57037.44689814   57037.77829861
   57037.77950231   57037.78947916
   57037.79085648   57038.03608796
   57038.29129629   57038.62462962
   57038.62526620   57038.95793981
   57038.95912037   57039.29246527
   57039.29311342   57039.62643518
   57039.62711805   57039.95975694
   57039.96099537   57040.13084490
   57040.13215277   57040.46546296
   57040.46611111   57040.79944444
   57040.80010416   57041.13332175
   57041.14049768   57041.14819444
   57041.14907407   57041.48243055
   57041.48309027   57041.81645833
   57041.81706018   57042.00339120
   57042.28731481   57042.62068287
   57042.62128472   57042.95465277
   57042.95528935   57043.03392361
   57043.32046296   57043.65383101
   57043.65442129   57043.98777777
   57043.98839120   57044.05940972
   57044.34228009   57044.34934027
   57044.35086805   57044.35855324
   57044.35937500   57044.69274305
   57044.69334490   57045.02671296
   57045.02734953   57045.36070601
   57045.36137731   57045.69474537
   57045.69537037   57045.86560185
   57046.15034722   57046.17483796
   57046.17611111   57046.50947916
   57046.51046296   57046.84383101
   57046.84442129   57047.17767361
   57047.18131944   57047.51468750
   57047.51555555   57047.84893518
   57047.84981481   57047.89262731
   57047.89341435   57047.90100694
   57047.90216435   57048.23553240
   57048.23612268   57048.56947916
   57048.57006944   57048.90343749
   57048.90400462   57049.23737268
   57049.23793981   57049.57129629
   57049.57189814   57049.90525462
   57049.90584490   57050.23915509
   57050.24013888   57050.57350694
   57050.57408564   57050.90745370
   57050.90806712   57051.24142361
   57051.24206018   57051.57542824
   57051.57603009   57051.90939814
   57051.90998842   57052.24335648
   57052.24396990   57052.57733796
   57052.57797453   57052.91134259
   57052.91196759   57053.24533564
   57053.24594907   57053.57930555
   57053.57994212   57053.91328703
   57053.91394675   57054.24732638
   57054.24835648   57054.58171296
   57054.58237268   57054.91574074
   57054.91638888   57055.24975694
   57055.25038194   57055.58374999
   57055.58438657   57055.91776620
   57055.91837962   57056.25174768
   57056.25237268   57056.58574074
   57056.58635416   57056.91971064
   57056.92031250   57057.25368055
   57057.25430555   57057.58767361
   57057.58828703   57057.92165509
   57057.92224537   57058.25561342
   57058.25620370   57058.58957175
   57058.59017361   57058.92354166
   57058.92416666   57059.09297453
   57059.09451388   57059.42788194
   57059.42847222   57059.76184027
   57059.76249999   57060.03403935
   57060.03523148   57060.09290509
   57060.09408564   57060.14866898
   57060.15160879   57060.48496527
   57060.48556712   57060.81893518
   57060.81952546   57061.15288194
   57061.15348379   57061.48684027
   57061.48744212   57061.82081018
   57061.82141203   57062.15478009
   57062.15537037   57062.21806712
   57062.22780092   57062.25914351
   57062.26049768   57062.59386574
   57062.59446759   57062.92782407
   57062.93164351   57063.00538194
   57063.01556712   57063.03457175
   57063.04291666   57063.08630787
   57063.08745370   57063.42083333
   57063.42140046   57063.75476851
   57063.75537037   57064.04511574
   57064.04578703   57064.37915509
   57064.37987268   57064.71322916
   57064.71381944   57064.91123842
   57064.91258101   57065.24593749
   57065.24663194   57065.58000000
   57065.58060185   57065.91395833
   57065.91457175   57066.24792824
   57066.24856481   57066.58193287
   57066.58253472   57066.91590277
   57066.91651620   57067.24987268
   57067.25052083   57067.58390046
   57067.58452546   57067.91788194
   57067.91851851   57068.25188657
   57068.25252314   57068.58589120
   57068.58652777   57068.91988425
   57068.92053240   57069.25390046
   57069.25457175   57069.58792824
   57069.58855324   57069.92190972
   57069.92255787   57070.25591435
   57070.25655092   57070.58990740
   57070.59056712   57070.92393518
   57070.92457175   57071.09699074
   57071.09842592   57071.10687500
   57071.10878472   57071.44214120
   57071.44271990   57071.77609953
   57071.77747685   57072.11083333
   57072.11189814   57072.44525462
   57072.44583333   57072.77918981
   57072.77980324   57073.08465277
   57073.09023148   57073.10414351
   57073.10414351   57073.11807870
   57073.11879629   57073.45215277
   57073.45275462   57073.61268518
   57073.61363425   57073.94700231
   57073.94799768   57074.28134259
   57074.28203703   57074.61539351
   57074.61600694   57074.94937499
   57074.94998842   57075.01157407
   57075.01270833   57075.02004629
   57075.02177083   57075.32046296
   57075.32203703   57075.39121527
   57075.39261574   57075.41009259
   57075.41145833   57075.74481481
   57075.74543981   57076.07880787
   57076.07942129   57076.41276620
   57076.41337962   57076.74673611
   57076.74736111   57077.01646990
   57077.01805555   57077.35142361
   57077.35202546   57077.50310185
   57077.50421296   57077.83756944
   57077.83819444   57078.17153935
   57078.17215277   57078.50550925
   57078.50613425   57078.83950231
   57078.84011574   57078.91684027
   57078.91800925   57079.16737268
   57079.17226851   57079.49748842
   57079.49812499   57079.83148148
   57079.83207175   57080.16542824
   57080.16605324   57080.23109953
   57080.23734953   57080.28523148
   57080.28650462   57080.31857638
   57080.31974537   57080.48208333
   57080.48320601   57080.81653935
   57080.81653935   57081.14993055
   57081.14993055   57081.48329861
   57081.48329861   57081.81670138
   57081.81783564   57082.15118055
   57082.15178240   57082.48513888
   57082.48575231   57082.81910879
   57082.81969907   57083.11245370
   57083.11834490   57083.12652777
   57083.12768518   57083.46104166
   57083.46163194   57083.79498842
   57083.79559027   57084.12893518
   57084.12954861   57084.46290509
   57084.46348379   57084.79685185
   57084.79743055   57084.82407407
   57084.82533564   57085.15869212
   57085.15925925   57085.38442129
   57085.52755787   57085.86091435
   57085.86150462   57086.19486111
   57086.19546296   57086.20895833
   57086.20965277   57086.54300925
   57086.54359953   57086.87694444
   57086.87754629   57087.21090277
   57087.21149305   57087.54484953
   57087.54553240   57087.87888888
   57087.87945601   57088.21282407
   57088.21343750   57088.54680555
   57088.54738425   57088.88074074
   57088.88131944   57089.21468749
   57089.21530092   57089.54865740
   57089.54924768   57089.88260416
   57089.88320601   57090.21656249
   57090.21717592   57090.55052083
   57090.55111111   57090.88446759
   57090.88935185   57090.89800925
   57090.89869212   57091.23204861
   57091.23267361   57091.42296296
   57091.42513888   57091.43521990
   57091.43599537   57091.44309027
   57091.44425925   57091.77761574
   57091.77821759   57092.01101851
   57092.01204861   57092.34540509
   57092.34599537   57092.67934027
   57092.67994212   57093.01329861
   57093.01471064   57093.34839120
   57093.34884259   57093.68255787
   57093.68300925   57094.01638888
   57094.01724537   57094.35064814
   57094.35146990   57094.66525462
   57094.66563657   57094.67283564
   57094.67409722   57095.00746527
   57095.00810185   57095.34146990
   57095.34530092   57095.67865740
   57095.67930555   57096.01268518
   57096.01332175   57096.34668981
   57096.34737268   57096.68075231
   57096.68138888   57097.01474537
   57097.01539351   57097.34876157
   57097.34943287   57097.38050925
   57097.38207175   57097.55967592
   57097.56126157   57097.57221064
   57097.57299768   57097.90636574
   57097.90701388   57098.01137731
   57098.01204861   57098.34542824
   57098.34616898   57098.67953703
   57098.68020833   57099.01356481
   57099.01421296   57099.34756944
   57099.34826388   57099.68164351
   57099.68229166   57100.01565972
   57100.01702546   57100.15993055
   57101.21315972   57101.54651620
   57101.54711805   57101.88047453
   57101.88107638   57102.21443287
   57102.21503472   57102.54840277
   57102.54899305   57102.88236111
   57102.88296296   57103.21631944
   57103.21690972   57103.55027777
   57103.55089120   57103.88425925
   57103.88486111   57104.21824074
   57104.21884259   57104.55221064
   57104.55282407   57104.88618055
   57104.88956018   57105.22292824
   57105.22358796   57105.55695601
   57105.55755787   57105.89092592
   57105.89150462   57106.22487268
   57106.22545138   57106.55881944
   57106.55940972   57106.89277777
   57106.89336805   57107.22673611
   57107.22732638   57107.56068287
   57107.56127314   57107.89462962
   57107.89530092   57108.22866898
   57108.22937500   57108.56274305
   57108.56339120   57108.89675925
   57108.89739583   57109.23076388
   57109.23149305   57109.56486111
   57109.56549768   57109.89884259
   57109.89947916   57110.23284722
   57110.23358796   57110.56695601
   57110.56759259   57110.90094907
   57110.90167824   57111.23504629
   57111.23575231   57111.54203703
   57111.54278935   57111.87614583
   57111.87614583   57112.20951388
   57112.20951388   57112.54289351
   57112.54289351   57112.87629629
   57112.87717592   57113.21054398
   57113.21126157   57113.54461805
   57113.54528935   57113.87864583
   57113.87934027   57114.21271990
   57114.21340277   57114.54675925
   57114.54748842   57114.88084490
   57114.88158564   57114.99561342
   57114.99636574   57115.05339120
   57115.05456018   57115.06172453
   57115.06281250   57115.39618055
   57115.39685185   57115.73021990
   57115.73091435   57116.06428240
   57116.06493055   57116.39829861
   57116.39896990   57116.73233796
   57116.73304398   57117.06640046
   57117.06708333   57117.40045138
   57117.40114583   57117.73451388
   57117.73510416   57118.06846064
   57118.06906249   57118.40243055
   57118.40313657   57118.73648148
   57118.73648148   57119.06987268
   57119.07130787   57119.12886574
   57119.13008101   57119.18564814
   57119.18814814   57119.52149305
   57119.52149305   57119.85488425
   57119.85488425   57120.18828703
   57120.18906249   57120.52240740
   57120.52240740   57120.85577546
   57120.85577546   57121.18917824
   57121.18981481   57121.52315972
   57121.52315972   57121.85653935
   57121.85653935   57122.18994212
   57122.19097222   57122.52431712
   57122.52431712   57122.56739583
   57122.56906249   57122.57640046
   57122.57853009   57122.91187499
   57122.91187499   57123.24524305
   57123.24524305   57123.57864583
   57123.57925925   57123.91260416
   57123.91260416   57124.24598379
   57124.24598379   57124.57938657
   57124.58002314   57124.91337962
   57124.91337962   57125.24675925
   57125.24675925   57125.58016203
   57125.58078703   57125.91402777
   57125.91538194   57126.24872685
   57126.24872685   57126.58211805
   57126.58211805   57126.91550925
   57126.91613425   57127.24947916
   57127.24947916   57127.58285879
   57127.58285879   57127.91626157
   57127.91692129   57128.25028935
   57128.25028935   57128.58365740
   57128.58365740   57128.91704861
   57128.91771990   57129.25106481
   57129.25106481   57129.58445601
   57129.58445601   57129.91785879
   57129.91847222   57130.25181712
   57130.25181712   57130.58520833
   57130.58520833   57130.91859953
   57130.91920138   57131.25255787
   57131.25255787   57131.58593750
   57131.58593750   57131.91932870
   57131.91996527   57132.25331018
   57132.25331018   57132.30040509
   57132.30145833   57132.63480324
   57132.63480324   57132.96819444
   57132.96885416   57133.19274305
   57133.19384259   57133.52717592
   57133.52717592   57133.86056712
   57133.86056712   57134.19387731
   57134.19508101   57134.52841435
   57134.52841435   57134.86180555
   57134.86180555   57135.19519675
   57135.19586805   57135.52921296
   57135.52921296   57135.86256944
   57135.86256944   57136.06981481
   57137.07252314   57137.40586805
   57137.40692129   57137.74027777
   57137.74027777   57137.78567129
   57137.79640046   57137.82718750
   57137.82846064   57138.16180555
   57138.16180555   57138.49519675
   57138.49574074   57138.82899305
   57138.83002314   57139.16336805
   57139.16336805   57139.49674768
   57139.49674768   57139.83013888
   57139.83394675   57140.16730324
   57140.16730324   57140.50067129
   57140.50067129   57140.83406249
   57140.83474537   57141.10535879
   57141.10656249   57141.43990740
   57141.43990740   57141.77329861
   57141.77329861   57142.10668981
   57142.10730324   57142.44065972
   57142.44065972   57142.77403935
   57142.77403935   57143.10743055
   57143.10807870   57143.26649305
   57143.26746527   57143.60081018
   57143.60081018   57143.93417824
   57143.93417824   57144.26756944
   57144.26825231   57144.60160879
   57144.60160879   57144.93497685
   57144.93497685   57145.26836805
   57145.26909722   57145.60244212
   57145.60244212   57145.93582175
   57145.93582175   57146.26924768
   57146.26986111   57146.60322916
   57146.60322916   57146.93659722
   57146.93659722   57147.19980324
   57147.20118055   57147.22202546
   57147.22326388   57147.23166666
   57147.23233796   57147.56569444
   57147.56569444   57147.89906249
   57147.89906249   57148.23243055
   57148.23243055   57148.56583333
   57148.56657407   57148.89993055
   57148.89993055   57149.23329861
   57149.23329861   57149.26809027
   57149.26940972   57149.27799768
   57149.27928240   57149.54971064
   57149.55081018   57149.88415509
   57149.88415509   57150.21755787
   57150.21817129   57150.55143518
   57150.55267361   57150.87093749
   57150.87179398   57151.00025462
   57151.00133101   57151.05877314
   57151.05997685   57151.11599537
   57151.11722222   57151.45056712
   57151.45056712   57151.78395833
   57151.78395833   57152.11733796
   57152.11733796   57152.45074074
   57152.45171296   57152.78506944
   57152.78506944   57153.11843750
   57153.11843750   57153.45172453
   57153.45296296   57153.46065972
   57153.46140046   57153.79474537
   57153.79474537   57154.12813657
   57154.12813657   57154.46151620
   57154.46151620   57154.79490740
   57154.79553240   57154.87900462
   57154.88013888   57155.21347222
   57155.21347222   57155.54687500
   57155.54687500   57155.88024305
   57155.88024305   57155.97986111
   57155.98104166   57156.00370370
   57156.00440972   57156.33775462
   57156.33775462   57156.67112268
   57156.67112268   57157.00450231
   57157.00450231   57157.33789351
   57157.33863425   57157.67189814
   57157.67189814   57158.00527777
   57158.00527777   57158.33864583
   57158.33864583   57158.67203703
   57158.67270833   57159.00598379
   57159.00598379   57159.33936342
   57159.33936342   57159.67273148
   57159.67273148   57160.00612268
   57160.00680555   57160.04101851
